0.734
0, 4, 2063589457
0, 4, 2055196102
0, 4, 2014317083
0, 4, 1984935450
4, 0, 2246978155
0, 4, 2054047875
0, 4, 1563736537
4, 0, 2213709266
0, 4, 2060890607
0, 4, 1975614726
0, 4, 2013288726
0, 4, 1985892780
4, 0, 2199471542
4, 0, 1976102785
0, 4, 1791806854
0, 4, 1827640099
4, 0, 2175354464
0, 4, 1965508306
0, 4, 1983950254
0, 4, 1751503363
4, 0, 2215243571
0, 4, 1957729080
4, 0, 1997064547
4, 0, 2253441557
0, 4, 2053801687
4, 0, 2263865121
0, 4, 1694312237
0, 4, 2175587142
0, 4, 1965619672
0, 4, 2177843764
0, 4, 1573769994
0, 4, 1967006062
0, 4, 1691052283
0, 4, 1564297902
0, 4, 2185286666
4, 0, 2218053895
0, 4, 1956341748
4, 0, 2176341965
4, 0, 2210612389
0, 4, 1557632526
4, 0, 2299697792
0, 4, 1684927674
0, 4, 2056208327
0, 4, 2189065358
4, 0, 2235136977
0, 4, 2052880870
0, 4, 1881451798
0, 4, 1833380117
4, 0, 2235034671
0, 4, 1984518086
0, 4, 1882146601
0, 4, 1564855103
0, 4, 1980868582
0, 4, 2046730261
4, 0, 1994431534
0, 4, 1833813489
0, 4, 1984733349
0, 4, 1677093740
0, 4, 2057802731
0, 4, 2050903956
0, 4, 2175325792
0, 4, 1755315486
0, 4, 2014753901
0, 4, 1977080525
0, 4, 1792421251
4, 0, 1684896033
0, 4, 2062363245
0, 4, 1985101337
4, 0, 2062354960
4, 0, 1755082319
0, 4, 1996954921
4, 0, 2260640301
0, 4, 1564038345
0, 4, 2066047292
0, 4, 2071283443
4, 0, 1962935019
0, 4, 1961593466
0, 4, 2000709333
0, 4, 2183022073
4, 0, 1985478051
4, 0, 2199456316
0, 4, 2191404569
0, 4, 2053047305
0, 4, 1676827338
0, 4, 2016418013
0, 4, 1976799764
0, 4, 1677809658
0, 4, 2189784403
0, 4, 1957087504
0, 4, 2057993029
0, 4, 1979805165
0, 4, 2070152475
0, 4, 2017684590
0, 4, 2057064406
0, 4, 1999292398
0, 4, 1958097406
0, 4, 2063033821
4, 0, 2175447381
4, 0, 1978859180
4, 0, 2053791115
0, 4, 1976468031
0, 4, 2060000387
0, 4, 2056371849
0, 4, 2190046061
0, 4, 1988893034
0, 4, 1975613283
0, 4, 1970419886
0, 4, 1971231329
0, 4, 2002153594
0, 4, 2002777609
0, 4, 2000415571
4, 0, 2225438104
0, 4, 1970409553
4, 0, 1993416833
4, 0, 2012552114
0, 4, 1998956190
4, 0, 2249434032
0, 4, 2064742609
0, 4, 1834616083
0, 4, 2014023325
0, 4, 2179031720
4, 0, 1975974650
0, 4, 2063375019
4, 0, 2203226114
4, 0, 1573359893
4, 0, 1678752734
0, 4, 1933096711
0, 4, 2062797552
4, 0, 1983703186
0, 4, 1796857377
0, 4, 1827575139
0, 4, 2013805585
0, 4, 2062725172
0, 4, 1997425873
0, 4, 2061394151
0, 4, 1975939493
4, 0, 2300740145
4, 0, 2218674847
0, 4, 1961552457
4, 0, 2226437137
0, 4, 1963243460
0, 4, 1694203788
0, 4, 1979007194
0, 4, 2006965930
4, 0, 1988771138
0, 4, 1880755293
4, 0, 1962702878
0, 4, 1961767016
0, 4, 1967621226
0, 4, 1677686886
0, 4, 1961152410
0, 4, 1467844496
0, 4, 1556723578
4, 0, 2176742615
4, 0, 1973528321
0, 4, 1981086899
4, 0, 1932488838
0, 4, 1993728824
0, 4, 2033595822
0, 4, 1970074958
0, 4, 1971194864
4, 0, 1564070541
0, 4, 1970470700
4, 0, 1994400912
4, 0, 2228807283
4, 0, 2002434115
0, 4, 1685006271
0, 4, 1753094805
0, 4, 2180548126
0, 4, 1966946892
0, 4, 1692216922
0, 4, 1827939149
0, 4, 1992313668
0, 4, 2189629115
0, 4, 1968023841
4, 0, 2187856818
4, 0, 1957738949
0, 4, 2015053056
0, 4, 1573252988
0, 4, 1975533891
0, 4, 2004452778
0, 4, 1990224474
0, 4, 1563796454
0, 4, 1834663105
0, 4, 1983433495
0, 4, 1824182353
0, 4, 1792327149
0, 4, 1995192416
0, 4, 2182890128
4, 0, 2228212831
0, 4, 2030738793
0, 4, 1956687021
0, 4, 2052173376
0, 4, 2059232262
4, 0, 2219152819
4, 0, 2062211188
4, 0, 1835149415
0, 4, 2057674039
0, 4, 1882109437
0, 4, 1468956216
0, 4, 1827584721
0, 4, 2061541501
4, 0, 1755439354
0, 4, 1972987530
4, 0, 1882256356
4, 0, 2186549606
0, 4, 1678052959
0, 4, 2003129899
4, 0, 2014908428
0, 4, 2002830925
0, 4, 2013470451
0, 4, 1962798803
4, 0, 2322815267
4, 0, 2299850927
0, 4, 2188416783
4, 0, 1822897576
4, 0, 2221401435
4, 0, 2235393425
0, 4, 1983970733
0, 4, 1564218035
0, 4, 2066463494
0, 4, 2016976610
0, 4, 2175040513
4, 0, 1881838716
0, 4, 1976531735
0, 4, 1469369598
4, 0, 1795267023
0, 4, 1933174799
0, 4, 1759770550
4, 0, 2052822329
0, 4, 2061904935
0, 4, 2068817613
0, 4, 1962398562
0, 4, 2193453250
0, 4, 2015151444
0, 4, 2191903935
4, 0, 2254191261
0, 4, 1677426682
0, 4, 1988736262
0, 4, 1975629391
0, 4, 2001577743
4, 0, 2236686232
0, 4, 1971781491
0, 4, 2052719106
4, 0, 2066899300
0, 4, 2068965661
0, 4, 2052551115
0, 4, 1553240921
4, 0, 1974017254
4, 0, 1990297488
0, 4, 1996216128
0, 4, 2017015076
4, 0, 1468141439
0, 4, 2062303571
0, 4, 2001089185
0, 4, 1564503761
0, 4, 2050829441
4, 0, 2217247226
4, 0, 2251369112
4, 0, 1996606351
0, 4, 1984847555
0, 4, 2179629746
0, 4, 2015784644
0, 4, 2001077413
0, 4, 2176448403
0, 4, 1992560349
4, 0, 1974234356
0, 4, 1998672713
0, 4, 2177484548
0, 4, 1551807114
4, 0, 1795501115
0, 4, 1688114114
4, 0, 1973600281
0, 4, 1990602310
4, 0, 1834399328
0, 4, 1824730263
4, 0, 2245483446
0, 4, 1965563541
0, 4, 2176056617
4, 0, 2216762051
0, 4, 2190197218
0, 4, 2000790215
0, 4, 1980566488
4, 0, 1963531079
4, 0, 1964246804
0, 4, 2055072550
0, 4, 2072188554
0, 4, 1793829089
4, 0, 2000937602
4, 0, 1881246469
4, 0, 1834160211
0, 4, 1986006253
0, 4, 1553773447
4, 0, 1986163450
0, 4, 1977027067
4, 0, 2178801392
0, 4, 1990550287
4, 0, 1556794166
4, 0, 2214278368
0, 4, 2055997262
4, 0, 1573299338
0, 4, 1880294252
0, 4, 2015723770
0, 4, 1999932520
0, 4, 1770980190
4, 0, 1822358341
4, 0, 1999008321
0, 4, 2181703292
4, 0, 2256189656
0, 4, 2067470521
0, 4, 2067470870
4, 0, 2062512680
4, 0, 2241582160
0, 4, 1685919168
4, 0, 1988864103
0, 4, 2176348547
0, 4, 1836189437
0, 4, 1978385104
0, 4, 1973809367
0, 4, 1835548598
0, 4, 2043979529
0, 4, 2065697920
0, 4, 1550847854
4, 0, 1557029129
4, 0, 2208475329
0, 4, 2186675200
0, 4, 1753954293
4, 0, 2016999562
4, 0, 2059947755
0, 4, 2001771572
0, 4, 1984395758
0, 4, 1827437673
4, 0, 2242519915
0, 4, 1974150776
0, 4, 1573752902
0, 4, 1558023873
0, 4, 1827778353
0, 4, 2189925441
0, 4, 2011927964
0, 4, 1996276529
0, 4, 2016283067
0, 4, 1687125121
0, 4, 1984414713
4, 0, 2262732886
0, 4, 1826036855
0, 4, 2188721684
0, 4, 1968182911
4, 0, 1882086549
0, 4, 2072190105
0, 4, 2061365229
4, 0, 1991074956
0, 4, 2059382227
0, 4, 1994997850
0, 4, 1963488860
0, 4, 1558676679
0, 4, 1996257822
0, 4, 1999218343
0, 4, 2190993571
0, 4, 1556986559
4, 0, 2257633883
0, 4, 2049461341
0, 4, 1933223520
0, 4, 1548499336
0, 4, 1993815676
0, 4, 1827423272
4, 0, 1963649102
0, 4, 1793119103
0, 4, 1968849683
0, 4, 2062626062
0, 4, 2033645275
4, 0, 2013323587
0, 4, 1998959247
0, 4, 1695618512
4, 0, 2176647991
0, 4, 1824203706
4, 0, 2070619778
0, 4, 2001976060
0, 4, 1883302756
0, 4, 2053316113
0, 4, 2070659906
4, 0, 2216667714
0, 4, 1983775929
0, 4, 1970792485
0, 4, 2015985772
0, 4, 1975739142
0, 4, 2058027787
4, 0, 2323029499
0, 4, 2039765546
0, 4, 2193031733
0, 4, 1882181448
0, 4, 2186648097
4, 0, 1972397859
0, 4, 2055667108
4, 0, 2015206815
0, 4, 1985401668
4, 0, 1976254214
0, 4, 1993601133
0, 4, 1969864914
0, 4, 1983847117
0, 4, 2018376280
0, 4, 2018641631
0, 4, 1980668650
0, 4, 2013982456
0, 4, 1468788316
4, 0, 2299505921
4, 0, 1980822577
0, 4, 2050115199
0, 4, 2044314342
0, 4, 1982770345
0, 4, 1559708910
0, 4, 1961529066
0, 4, 1880313657
0, 4, 2055957845
0, 4, 1964708012
0, 4, 2016556999
4, 0, 2204890513
0, 4, 1882248866
0, 4, 1676972538
4, 0, 2051012325
4, 0, 2062438113
0, 4, 1677330082
0, 4, 2176699744
4, 0, 1556721843
4, 0, 2214772931
4, 0, 2237292181
0, 4, 1969209470
0, 4, 1559129556
0, 4, 2060957835
0, 4, 1836226421
0, 4, 1695249050
0, 4, 2187859491
0, 4, 1977779735
0, 4, 1982532274
0, 4, 2176552420
0, 4, 2000351448
0, 4, 1572869529
0, 4, 1989391854
0, 4, 2009186739
0, 4, 2050434396
0, 4, 2044847206
4, 0, 2237044497
4, 0, 2257994682
0, 4, 1970443605
0, 4, 2065768783
4, 0, 2215916546
0, 4, 1469586840
0, 4, 1883640608
0, 4, 1965544428
4, 0, 2189294017
0, 4, 1969028205
0, 4, 2182197420
0, 4, 1955950454
0, 4, 2058658659
0, 4, 1751500571
0, 4, 2177082624
0, 4, 1685030594
0, 4, 1971112157
0, 4, 1980552206
0, 4, 1795269197
0, 4, 2052857472
0, 4, 1995468359
0, 4, 1750965106
4, 0, 2224567632
0, 4, 2015905004
0, 4, 2002015528
0, 4, 1978972341
4, 0, 2060633011
0, 4, 2193188315
0, 4, 1979707351
0, 4, 1993750006
0, 4, 2052747849
4, 0, 2062462844
0, 4, 1551427323
0, 4, 1989582521
0, 4, 1979334350
0, 4, 1984900628
0, 4, 2186362818
0, 4, 1990023395
0, 4, 2049284937
0, 4, 1833994033
0, 4, 1981935469
4, 0, 2176376260
0, 4, 1685031414
0, 4, 1975982905
0, 4, 1967112655
0, 4, 1551618899
0, 4, 2014691453
0, 4, 2051242290
4, 0, 1972180784
0, 4, 1990113456
0, 4, 1572844206
4, 0, 1564646271
0, 4, 1957446637
4, 0, 2248641047
0, 4, 1990682302
4, 0, 2324861063
4, 0, 1563807026
4, 0, 2063704547
0, 4, 2190092725
0, 4, 1956057911
0, 4, 1882320779
0, 4, 2180749928
0, 4, 2052865551
0, 4, 1997539608
0, 4, 1693209039
0, 4, 2189886186
0, 4, 2001120529
0, 4, 1676131330
0, 4, 1971109316
0, 4, 2179083284
4, 0, 1565096048
0, 4, 2061362441
0, 4, 1957125696
0, 4, 1770548980
0, 4, 1966375840
0, 4, 2070407635
0, 4, 2001855472
0, 4, 1983207574
4, 0, 1759163629
0, 4, 2190223786
0, 4, 1469026374
0, 4, 1983309302
4, 0, 2225719175
0, 4, 1880235940
0, 4, 1564692110
0, 4, 1554166882
0, 4, 2188787319
0, 4, 1975217477
0, 4, 2176162486
0, 4, 1932858345
0, 4, 2055372342
0, 4, 2055538669
0, 4, 2003313756
0, 4, 2056953624
4, 0, 2264761004
0, 4, 2013536004
0, 4, 1986786468
0, 4, 1975233353
0, 4, 1551492312
0, 4, 1992455857
0, 4, 2190173551
0, 4, 1759164822
4, 0, 2016050359
0, 4, 1692098447
0, 4, 1981707307
0, 4, 1978544281
0, 4, 1882466664
0, 4, 2013932949
0, 4, 1969765452
0, 4, 1835259239
0, 4, 2191885449
0, 4, 1754400430
0, 4, 2053023663
0, 4, 1468350990
0, 4, 2053746919
0, 4, 1981145763
0, 4, 2175838811
0, 4, 2016474041
4, 0, 1969597259
0, 4, 2069322256
4, 0, 1996192111
4, 0, 2175219130
4, 0, 2007794059
0, 4, 2189397908
0, 4, 2069863475
4, 0, 2299765516
4, 0, 1968788388
0, 4, 1999020740
0, 4, 1677458774
0, 4, 1879952416
0, 4, 1548318718
0, 4, 2000923900
4, 0, 2182877447
0, 4, 2049519636
0, 4, 1969716436
0, 4, 1678131591
0, 4, 1833565153
4, 0, 2067502388
4, 0, 2045841638
0, 4, 1961113314
4, 0, 2071744089
4, 0, 1972624038
0, 4, 1468527858
0, 4, 1678265340
4, 0, 2061514319
0, 4, 1956309909
0, 4, 2192938847
0, 4, 2054796187
0, 4, 1956246359
4, 0, 1989741850
0, 4, 1835247689
4, 0, 1833580364
0, 4, 1991796239
0, 4, 1991605205
4, 0, 1828024584
0, 4, 1675862988
0, 4, 1563758374
4, 0, 1881060436
0, 4, 1881187433
0, 4, 1966747487
0, 4, 2002441844
0, 4, 2177409655
4, 0, 2053835647
0, 4, 1832787208
0, 4, 2065365119
0, 4, 2066644913
4, 0, 1989897759
0, 4, 1685727442
0, 4, 1968318627
0, 4, 1973879330
0, 4, 2070151359
4, 0, 2200591501
4, 0, 1991136022
0, 4, 2062915421
0, 4, 1826416844
0, 4, 1793481936
4, 0, 2183671424
4, 0, 1981815354
0, 4, 1956072585
0, 4, 1686409887
4, 0, 2298266128
0, 4, 2191292994
0, 4, 2053815564
4, 0, 2253952181
4, 0, 2017608191
4, 0, 1548319602
0, 4, 1556859702
4, 0, 1564081779
0, 4, 1990081251
0, 4, 1695965030
0, 4, 2031083377
0, 4, 1881208484
0, 4, 2187504348
0, 4, 2191866140
0, 4, 2175872948
0, 4, 1880206985
0, 4, 1984716271
0, 4, 1989299126
4, 0, 2222293079
0, 4, 1827894541
0, 4, 2064200474
4, 0, 2046055762
0, 4, 1968184165
4, 0, 2328497702
4, 0, 2238400338
0, 4, 2174505401
4, 0, 2057168329
0, 4, 2058177928
4, 0, 1996245626
0, 4, 2186861371
4, 0, 2228847485
0, 4, 1975155081
0, 4, 1824135548
0, 4, 1997047461
4, 0, 2065331597
0, 4, 2011632671
0, 4, 1752964724
0, 4, 1976012979
0, 4, 1677055474
0, 4, 1960396697
4, 0, 1557579492
0, 4, 1469504022
0, 4, 2013067159
0, 4, 1974150548
4, 0, 1551049117
0, 4, 1971529594
4, 0, 1955948430
4, 0, 2189302981
0, 4, 1684847803
0, 4, 1978674813
0, 4, 1686638877
0, 4, 1971873550
4, 0, 1793068369
0, 4, 2072225907
4, 0, 1557235928
4, 0, 2205132108
0, 4, 1754602246
0, 4, 2066211597
0, 4, 2060103375
0, 4, 1693609326
0, 4, 1971577875
0, 4, 1974757320
0, 4, 1558885636
4, 0, 1977752930
0, 4, 2016362866
0, 4, 1996897701
4, 0, 2069871992
0, 4, 1833911324
4, 0, 1792887601
0, 4, 1556361985
0, 4, 2002815670
0, 4, 2054609470
0, 4, 1978359765
0, 4, 2015528854
0, 4, 2063652830
0, 4, 1964524421
0, 4, 1759310905
0, 4, 2014449129
0, 4, 1678944638
0, 4, 1882374395
0, 4, 1793116910
0, 4, 1825607170
0, 4, 1688895814
4, 0, 2262156029
0, 4, 2193346098
0, 4, 2064302992
0, 4, 2062447973
0, 4, 1677642632
0, 4, 1992518706
4, 0, 1883149671
0, 4, 2062434445
4, 0, 2016568955
0, 4, 1980454888
0, 4, 1996805155
0, 4, 2058861596
0, 4, 2071030719
4, 0, 1963408939
0, 4, 1970529558
0, 4, 2052897293
0, 4, 1880800910
0, 4, 2184530537
0, 4, 1993412683
4, 0, 1834702702
0, 4, 2187620125
0, 4, 1969829341
0, 4, 2071115910
0, 4, 2061281346
0, 4, 1835354843
0, 4, 1984086695
0, 4, 2186788456
0, 4, 1990953879
4, 0, 2323371111
0, 4, 2188719270
0, 4, 1961922459
4, 0, 2058255096
0, 4, 2012136653
0, 4, 1997213502
4, 0, 2207502199
4, 0, 1995927122
0, 4, 2065056427
4, 0, 2219283050
0, 4, 2001666523
4, 0, 1985395190
0, 4, 2014949754
0, 4, 1557495851
0, 4, 1676369117
0, 4, 1975088292
4, 0, 1983050211
4, 0, 2178066902
4, 0, 1564463278
0, 4, 1963463834
0, 4, 1831347423
0, 4, 2176278901
0, 4, 2063854946
4, 0, 1984530142
0, 4, 2053748414
0, 4, 1822721812
0, 4, 1833310414
0, 4, 1835721508
0, 4, 1823969950
0, 4, 2063857603
0, 4, 1976351799
0, 4, 1956358973
0, 4, 2067999430
0, 4, 1977004923
0, 4, 1880562629
4, 0, 1880916014
4, 0, 2217361936
4, 0, 1981613499
4, 0, 1676387727
4, 0, 1999500328
0, 4, 1564103697
0, 4, 1964835491
0, 4, 1835772659
0, 4, 2000428122
0, 4, 1565878401
4, 0, 1836031467
0, 4, 1695137257
0, 4, 1933163201
4, 0, 2236117841
0, 4, 1881784104
0, 4, 2053908077
0, 4, 1957065322
4, 0, 2326572993
4, 0, 1957745916
0, 4, 2176524133
0, 4, 2003537756
0, 4, 2190858783
4, 0, 2248525938
0, 4, 1832256199
4, 0, 2016130865
4, 0, 2288473366
4, 0, 2186902403
0, 4, 1835324555
0, 4, 2052596834
4, 0, 2054003614
0, 4, 2044427486
0, 4, 2053132095
0, 4, 1966042682
4, 0, 1695403228
4, 0, 2286770297
0, 4, 1990079729
0, 4, 1995274647
0, 4, 1880477820
0, 4, 2070747966
0, 4, 1989713332
0, 4, 1992996284
0, 4, 2049878032
0, 4, 1880664968
0, 4, 2185144502
0, 4, 1989912915
4, 0, 1976215769
0, 4, 1836133712
0, 4, 1989911401
0, 4, 2049597630
0, 4, 1976479392
0, 4, 1985314329
4, 0, 2175060446
4, 0, 2259858285
0, 4, 1980025682
0, 4, 2175636180
4, 0, 1989055740
0, 4, 2014804810
4, 0, 1558066637
0, 4, 1558214781
0, 4, 1565687097
0, 4, 1957015189
0, 4, 2062580594
0, 4, 1970802419
0, 4, 1998085972
0, 4, 2188957214
4, 0, 1564363153
0, 4, 1573617648
0, 4, 2192082966
0, 4, 2060596900
0, 4, 2048516472
0, 4, 1985986516
4, 0, 1822828419
4, 0, 1985194268
0, 4, 1979750162
0, 4, 2060701701
0, 4, 1990447518
0, 4, 1994863044
0, 4, 1688818625
0, 4, 1976520175
4, 0, 2244574497
0, 4, 1834428893
0, 4, 2067586792
0, 4, 2063022276
0, 4, 2016122955
0, 4, 1825459103
0, 4, 1754024315
4, 0, 2006459542
0, 4, 1972421794
0, 4, 1995381846
0, 4, 2182628451
0, 4, 1880633583
0, 4, 1967641411
0, 4, 1992229862
0, 4, 1975957140
0, 4, 1793030207
0, 4, 2001179123
0, 4, 1977134499
0, 4, 1986156092
0, 4, 2013179214
0, 4, 2002002173
0, 4, 2003263095
4, 0, 2014720087
4, 0, 2176171859
4, 0, 1976969897
0, 4, 2013706488
0, 4, 2175419894
0, 4, 1881338312
0, 4, 1694457763
4, 0, 1981900585
0, 4, 1978639293
0, 4, 2051643286
4, 0, 1977947576
0, 4, 2017125217
0, 4, 1957629260
4, 0, 1992871959
4, 0, 2064217114
0, 4, 1965620313
4, 0, 1960425693
4, 0, 2254539294
0, 4, 2051498708
0, 4, 1996193781
0, 4, 1983861430
4, 0, 1823416419
4, 0, 1970907096
0, 4, 1559006753
0, 4, 2176113214
0, 4, 1989694330
0, 4, 1469702598
0, 4, 2014308011
0, 4, 1989756576
4, 0, 2190671657
4, 0, 2184855474
0, 4, 2190457985
4, 0, 2245829482
0, 4, 1793986860
0, 4, 2189252616
0, 4, 1880016348
0, 4, 1552035688
4, 0, 2238941188
0, 4, 2054472078
0, 4, 2069472657
0, 4, 2016176404
0, 4, 1969959604
0, 4, 2065784778
0, 4, 1880609719
0, 4, 1998269815
0, 4, 1968135638
0, 4, 1989195577
0, 4, 2014815438
4, 0, 2200221426
0, 4, 1932774181
4, 0, 2001034271
0, 4, 1686267004
0, 4, 1979256390
0, 4, 2175395283
0, 4, 1976481129
0, 4, 2054873163
0, 4, 1989473566
0, 4, 1966358186
0, 4, 1979558827
0, 4, 1879921482
0, 4, 1559677492
0, 4, 1677909760
0, 4, 2016105149
0, 4, 1972098073
0, 4, 1883560665
0, 4, 2189183698
4, 0, 2197190677
0, 4, 2055323546
0, 4, 1553926283
0, 4, 2189212385
0, 4, 2014888238
4, 0, 1676947102
0, 4, 1972472818
4, 0, 2221708293
0, 4, 2051457630
0, 4, 1822723156
0, 4, 2016175717
4, 0, 1564299946
4, 0, 2191568868
0, 4, 1692256233
4, 0, 2194048360
4, 0, 1969865016
4, 0, 2205171816
0, 4, 1977996441
4, 0, 2204250730
4, 0, 2069989234
4, 0, 2258098163
0, 4, 2064359618
0, 4, 1826451755
4, 0, 1996478583
4, 0, 2066940996
0, 4, 2058861576
0, 4, 1985400868
0, 4, 1975184407
0, 4, 2050904698
0, 4, 2002253983
0, 4, 1991222386
0, 4, 2178342977
0, 4, 1792481006
0, 4, 1824133800
0, 4, 1676872434
4, 0, 2050405738
0, 4, 2064229911
4, 0, 2048427770
0, 4, 2071869155
0, 4, 2187819408
0, 4, 1991137055
0, 4, 2056771164
0, 4, 1827705794
4, 0, 1573580743
4, 0, 1974666481
0, 4, 2049708007
0, 4, 1548318058
0, 4, 1976092811
4, 0, 2016320660
0, 4, 1557108349
4, 0, 1967303916
0, 4, 2012276128
4, 0, 2322753794
4, 0, 2266226080
0, 4, 2051645543
0, 4, 1824804465
0, 4, 1989832354
0, 4, 2056896857
0, 4, 1754402258
0, 4, 1551683036
0, 4, 1573252109
0, 4, 2061394960
4, 0, 2234939097
4, 0, 2049771496
0, 4, 1982835826
0, 4, 1975139302
0, 4, 2054764604
0, 4, 2179605004
0, 4, 2047296850
0, 4, 1933201064
0, 4, 1468653891
4, 0, 1981391396
0, 4, 1553584195
0, 4, 2186247335
0, 4, 1833965499
0, 4, 2064471704
0, 4, 2175122172
0, 4, 1556510200
4, 0, 2246676433
0, 4, 2039895863
0, 4, 1978989122
0, 4, 2008559579
0, 4, 1692528269
0, 4, 2039972565
0, 4, 1468851257
0, 4, 1834330849
4, 0, 2005749882
0, 4, 2008556706
0, 4, 1978784868
0, 4, 1989884136
0, 4, 2067741466
0, 4, 2169458775
4, 0, 1882260940
0, 4, 1956952237
4, 0, 1988999863
0, 4, 1971017104
0, 4, 1795178247
4, 0, 1792538135
0, 4, 2003792939
0, 4, 1687184919
0, 4, 2002316821
4, 0, 2071552781
0, 4, 2045170497
0, 4, 1828076023
0, 4, 1564022098
4, 0, 2060667381
0, 4, 2175590177
0, 4, 1965952367
0, 4, 1564381575
0, 4, 2015336491
0, 4, 2061921588
4, 0, 1991756511
4, 0, 2012798441
0, 4, 1983793863
0, 4, 1976734877
0, 4, 1955984349
4, 0, 2003493750
0, 4, 1961355710
0, 4, 2031448467
4, 0, 1676445454
0, 4, 2179255917
0, 4, 2063572918
4, 0, 2229835356
0, 4, 2063507332
4, 0, 1693809577
0, 4, 1956211993
0, 4, 2052096929
4, 0, 2261670244
0, 4, 1980433807
0, 4, 1977997080
0, 4, 2044005644
4, 0, 1550762111
0, 4, 1972827398
0, 4, 1958093829
0, 4, 2064896422
0, 4, 2189038631
4, 0, 1964127614
4, 0, 1551179767
0, 4, 2071222739
0, 4, 2069567914
0, 4, 1975408857
0, 4, 2052387006
0, 4, 2061046866
4, 0, 2065156743
0, 4, 2061525160
0, 4, 1978174976
0, 4, 1793987031
0, 4, 2067799777
0, 4, 1771210128
4, 0, 2222177875
4, 0, 1834125681
0, 4, 1833986077
0, 4, 1678336120
0, 4, 2052959197
0, 4, 1996066741
4, 0, 1678401215
0, 4, 1999965883
0, 4, 1835501911
0, 4, 2066029664
4, 0, 2223989807
0, 4, 1933074283
0, 4, 1992687023
0, 4, 2051242812
0, 4, 1988746884
0, 4, 2177067197
0, 4, 2058097316
4, 0, 2221249487
0, 4, 1992605142
4, 0, 2183834443
4, 0, 1469757896
0, 4, 1836134023
0, 4, 1468363696
0, 4, 2015556169
0, 4, 1695846359
0, 4, 2191530673
0, 4, 1881059528
0, 4, 1693744289
4, 0, 2186588838
0, 4, 1793658942
0, 4, 2184298618
0, 4, 2176350070
0, 4, 1834747953
0, 4, 2014753660
4, 0, 1964854224
4, 0, 2236125408
0, 4, 1975740156
0, 4, 1994316027
0, 4, 1882268773
4, 0, 2177361767
0, 4, 2063718381
4, 0, 1752697690
0, 4, 2188633265
4, 0, 1971329093
0, 4, 2192935911
0, 4, 2182479719
0, 4, 1827098699
0, 4, 1685871179
0, 4, 2068275388
0, 4, 1974675381
0, 4, 1468600795
4, 0, 2006624731
4, 0, 1551649043
0, 4, 2182050951
0, 4, 2048031475
0, 4, 1755708109
0, 4, 1831295186
0, 4, 2001076939
4, 0, 1826374428
4, 0, 1822461923
4, 0, 1989339247
0, 4, 1990969320
0, 4, 2061667449
0, 4, 1966839231
0, 4, 1792865652
0, 4, 1753518278
0, 4, 1834375554
4, 0, 1823834710
4, 0, 1969158469
4, 0, 1563611376
0, 4, 1967870016
0, 4, 1979566665
0, 4, 1992271679
0, 4, 1755842151
0, 4, 2066286615
0, 4, 2175222775
0, 4, 2064373089
0, 4, 2014035669
0, 4, 2051870101
4, 0, 2211285481
0, 4, 2052060687
0, 4, 1881580411
0, 4, 1963822594
0, 4, 1964814560
4, 0, 1983734284
4, 0, 1984835765
0, 4, 1978516086
0, 4, 2014339990
0, 4, 2054921288
0, 4, 2063803775
0, 4, 1998065234
0, 4, 2189694955
0, 4, 2188749940
0, 4, 1989631122
0, 4, 1564564450
4, 0, 2012557382
4, 0, 1834699675
0, 4, 2013974188
4, 0, 2190875744
4, 0, 2064592635
4, 0, 2185353107
0, 4, 2053021259
0, 4, 2048303505
0, 4, 1961355870
0, 4, 1996420073
0, 4, 1956850350
0, 4, 2188849060
0, 4, 2189381504
0, 4, 1997541738
0, 4, 1956277054
0, 4, 2001578348
4, 0, 1962907469
4, 0, 1557133612
0, 4, 1754599378
0, 4, 2065576808
0, 4, 2061680723
0, 4, 2193153389
0, 4, 1981801688
0, 4, 1979350277
0, 4, 2188130061
4, 0, 1754192209
0, 4, 2068038111
0, 4, 1980254470
0, 4, 2071967305
0, 4, 2006532087
0, 4, 1966596581
0, 4, 1932293682
4, 0, 2264993614
0, 4, 2188751676
0, 4, 1695657091
4, 0, 2299300371
4, 0, 1981161655
4, 0, 2039678872
0, 4, 2014295733
0, 4, 2064445962
0, 4, 1834768511
0, 4, 2064507453
0, 4, 2190011510
0, 4, 1995956924
0, 4, 2015063840
0, 4, 1981551234
0, 4, 1753309879
0, 4, 1469556886
0, 4, 1833020239
0, 4, 1836117517
0, 4, 1967005599
0, 4, 1992229457
4, 0, 2243049546
0, 4, 1977704286
0, 4, 1995128672
4, 0, 2231577178
4, 0, 2202694750
0, 4, 1999838272
0, 4, 1677261942
0, 4, 1995593099
0, 4, 1822323345
0, 4, 2187794912
4, 0, 2031238773
0, 4, 2191003412
0, 4, 2050641615
0, 4, 1977579125
0, 4, 1984882031
0, 4, 2062955047
0, 4, 1834952043
0, 4, 1970195826
0, 4, 1969783607
0, 4, 2176526413
0, 4, 1975201513
0, 4, 2002833024
0, 4, 2187389996
4, 0, 2062130346
4, 0, 2300593295
0, 4, 1995446739
0, 4, 2179554578
0, 4, 2053012026
0, 4, 1978971910
0, 4, 1686877455
0, 4, 2011036397
0, 4, 2053570379
0, 4, 1988770562
0, 4, 2189949641
0, 4, 1982049837
0, 4, 2049286458
0, 4, 2000827514
0, 4, 1990841329
0, 4, 1970922383
0, 4, 2180750301
0, 4, 2030213594
0, 4, 2012722962
0, 4, 2061698312
0, 4, 2190775657
0, 4, 1823921088
0, 4, 1993540627
0, 4, 1880534453
0, 4, 1986641242
0, 4, 2174596521
0, 4, 1979698808
0, 4, 1978854801
0, 4, 1993837609
0, 4, 1970179540
4, 0, 2244282603
0, 4, 2067998234
0, 4, 1968956230
0, 4, 2180103909
4, 0, 1968149051
4, 0, 2003023406
4, 0, 2011239116
0, 4, 1978448943
0, 4, 1573385524
4, 0, 1964592011
0, 4, 1827804232
4, 0, 1961059288
0, 4, 1998109242
0, 4, 2069228355
0, 4, 1557245708
0, 4, 1956072613
0, 4, 1977053537
0, 4, 1833896516
4, 0, 2203664869
4, 0, 2070183042
0, 4, 1678492947
0, 4, 1980618570
0, 4, 2064769829
4, 0, 1985693275
4, 0, 2194155386
0, 4, 1965859633
4, 0, 1880538473
0, 4, 1573193747
0, 4, 2064594138
4, 0, 2286007889
0, 4, 1793706336
0, 4, 2180204266
0, 4, 2175052797
0, 4, 2052454714
0, 4, 1796904794
0, 4, 2174660802
0, 4, 1972226044
0, 4, 1468268968
4, 0, 2259576394
0, 4, 1998393397
4, 0, 1760069536
0, 4, 1834942617
0, 4, 1880626096
0, 4, 2065477057
0, 4, 2007163626
0, 4, 2178933785
0, 4, 1694812972
4, 0, 1975619383
0, 4, 1468147480
0, 4, 1999080488
0, 4, 1995018447
4, 0, 1969464607
4, 0, 2238355534
0, 4, 1956451265
0, 4, 1677579918
4, 0, 1468416968
0, 4, 2054826273
0, 4, 2187665340
0, 4, 1559908144
0, 4, 1976197547
4, 0, 2237125463
0, 4, 1686216416
4, 0, 1998163432
0, 4, 1882128427
0, 4, 1678153109
4, 0, 2011541308
4, 0, 1997975253
0, 4, 2052826175
4, 0, 2190832397
4, 0, 2261286948
4, 0, 2248489157
0, 4, 1999082500
0, 4, 1984395798
0, 4, 1972771911
0, 4, 1981375366
4, 0, 2054590838
0, 4, 2067939553
0, 4, 1972113488
0, 4, 2039711243
0, 4, 1932276847
0, 4, 1979058240
0, 4, 1969783740
0, 4, 1984464114
0, 4, 1795957203
0, 4, 2178122491
0, 4, 2000400499
0, 4, 2013178948
4, 0, 2013760796
0, 4, 1755443052
0, 4, 2183720602
4, 0, 2055322852
4, 0, 2211351615
0, 4, 2054717302
0, 4, 1793437471
4, 0, 2067108245
0, 4, 1832636113
4, 0, 1985820444
0, 4, 1467823046
0, 4, 2191147540
4, 0, 1995928037
0, 4, 1957241010
0, 4, 2190114249
0, 4, 2053894369
0, 4, 1997427492
0, 4, 1993665707
0, 4, 2063822521
4, 0, 2067445015
0, 4, 1996045212
0, 4, 2062648927
0, 4, 1558213373
0, 4, 1693119391
0, 4, 1979138878
0, 4, 1967005106
4, 0, 2202326485
0, 4, 2016072529
0, 4, 2003711900
0, 4, 1834313859
0, 4, 2052588727
0, 4, 1969440440
4, 0, 2327529437
4, 0, 2221074235
0, 4, 1998086133
0, 4, 1880267634
0, 4, 2047389913
0, 4, 2053050802
4, 0, 2050987503
0, 4, 1979848455
0, 4, 2000788784
4, 0, 2194282806
4, 0, 1823808919
0, 4, 2067219174
0, 4, 2051626532
4, 0, 1989758245
0, 4, 1964939778
0, 4, 2190750689
0, 4, 2179106755
0, 4, 1824181707
0, 4, 2047856380
4, 0, 2228115989
0, 4, 2071914271
0, 4, 2048010284
0, 4, 2014112318
0, 4, 1981029899
0, 4, 2056823033
0, 4, 2048202160
0, 4, 1932886859
0, 4, 1795363659
0, 4, 1994410977
0, 4, 2174519343
0, 4, 1971268786
0, 4, 1967455796
4, 0, 2260599722
4, 0, 2259935463
0, 4, 1548700297
0, 4, 1827219343
0, 4, 1978989850
0, 4, 2008965132
0, 4, 2066921376
0, 4, 1981801687
0, 4, 2000153119
0, 4, 1752321034
0, 4, 2063041301
4, 0, 2197414287
0, 4, 1759970378
4, 0, 2003082359
0, 4, 1685519453
0, 4, 2063069686
0, 4, 2051733249
0, 4, 2017011677
4, 0, 2323773945
4, 0, 2296997363
4, 0, 1972729453
4, 0, 2063736710
0, 4, 2063643369
0, 4, 2059613708
0, 4, 1827731688
0, 4, 1992111362
0, 4, 2001311901
0, 4, 2044930269
0, 4, 1880486592
0, 4, 2064532032
0, 4, 2193189366
4, 0, 1791791919
0, 4, 2068115632
0, 4, 1965638677
4, 0, 1985866989
4, 0, 2065175912
0, 4, 1991385377
4, 0, 2204867919
0, 4, 1827428252
4, 0, 1795691416
0, 4, 2062743443
4, 0, 2000953619
4, 0, 2230091004
0, 4, 1974529849
4, 0, 2014730504
4, 0, 1823040086
4, 0, 2179395568
0, 4, 1836206648
4, 0, 2212259293
0, 4, 1823791724
0, 4, 1795134642
4, 0, 2175494955
0, 4, 2053379325
0, 4, 2189605228
0, 4, 1557242756
0, 4, 2058008953
0, 4, 2061348244
4, 0, 1969718774
4, 0, 1573779492
0, 4, 2001965645
0, 4, 2189469200
4, 0, 2064182414
4, 0, 1972178882
0, 4, 1963199198
0, 4, 1551271087
0, 4, 1556590682
0, 4, 2054918386
4, 0, 2001240698
4, 0, 2231069633
4, 0, 1990429095
0, 4, 1833390952
0, 4, 2009186598
0, 4, 2052447363
0, 4, 2180847578
0, 4, 1999484456
4, 0, 2060423355
0, 4, 2044735634
4, 0, 1883104826
0, 4, 1964545474
0, 4, 1981279182
0, 4, 2185487113
4, 0, 2175714348
0, 4, 2065663298
0, 4, 1969681049
0, 4, 2065281189
4, 0, 2050955778
0, 4, 2063413171
0, 4, 2049384285
0, 4, 2062290214
0, 4, 2051317114
0, 4, 2188897998
0, 4, 1973519672
0, 4, 1823739979
4, 0, 2015627378
0, 4, 1468884106
0, 4, 2061413549
4, 0, 2226215344
0, 4, 2044219446
0, 4, 2058860623
0, 4, 2014211807
0, 4, 1992316009
0, 4, 1982165892
0, 4, 2030755804
0, 4, 1964426372
0, 4, 2052119660
0, 4, 2052661577
0, 4, 1557713531
0, 4, 2063935126
0, 4, 2017685208
4, 0, 1823121412
4, 0, 1984121255
0, 4, 2001120667
0, 4, 2058829297
0, 4, 2190786091
0, 4, 1685573214
0, 4, 2062893215
0, 4, 1881517208
0, 4, 1754524035
0, 4, 1751537806
0, 4, 1991494451
0, 4, 1468407171
0, 4, 1693631521
0, 4, 1687309499
0, 4, 2191433897
0, 4, 1999081622
4, 0, 2299667383
0, 4, 1958074103
0, 4, 1975008124
0, 4, 1676808119
0, 4, 2054904471
4, 0, 2322074674
0, 4, 2063504061
0, 4, 1559643205
0, 4, 2001322140
0, 4, 1970285166
0, 4, 2176277100
0, 4, 1693378839
0, 4, 2061132979
4, 0, 1992975233
0, 4, 1881754375
4, 0, 2174809480
0, 4, 1961786273
0, 4, 1793204245
4, 0, 2067114961
0, 4, 2062710646
0, 4, 1967494194
0, 4, 1573718285
0, 4, 2015051837
0, 4, 2060923067
0, 4, 1754790896
0, 4, 1825559196
0, 4, 2191805187
0, 4, 1753415392
4, 0, 2061301194
4, 0, 1685725616
4, 0, 2176477147
0, 4, 2189607529
0, 4, 1963199940
0, 4, 1694533257
0, 4, 2065958726
4, 0, 1694873919
0, 4, 1469174690
0, 4, 2052535602
4, 0, 1753431870
4, 0, 1792693919
0, 4, 2007164150
0, 4, 2186814910
0, 4, 1677504257
0, 4, 1971604877
0, 4, 1548812521
0, 4, 1972666999
4, 0, 1554461032
0, 4, 1686528624
0, 4, 2018732908
0, 4, 2001956856
4, 0, 1971059925
4, 0, 2061891319
0, 4, 2188448988
0, 4, 1981390181
0, 4, 1558343258
0, 4, 2064157580
4, 0, 1751138541
4, 0, 1828032709
0, 4, 1694882523
4, 0, 1792352669
0, 4, 1983204428
4, 0, 2059435727
0, 4, 2002858836
0, 4, 1827469657
0, 4, 2187137083
0, 4, 1957690280
4, 0, 2264228194
0, 4, 2060244405
4, 0, 2072213230
4, 0, 1986581930
0, 4, 2015041851
0, 4, 1992893061
4, 0, 1999622490
0, 4, 1564585458
0, 4, 1990397691
0, 4, 2050285762
0, 4, 2190362980
0, 4, 2190925808
0, 4, 1676342419
0, 4, 1793483301
0, 4, 1794227178
0, 4, 1834535400
0, 4, 2061473271
0, 4, 1995592533
4, 0, 1752124791
4, 0, 2178613651
0, 4, 2071945748
4, 0, 1882404021
0, 4, 2048073856
0, 4, 2000304879
0, 4, 1990361201
4, 0, 2298766834
4, 0, 1693580220
0, 4, 1836456373
4, 0, 1999761186
0, 4, 2061198652
0, 4, 2062303910
0, 4, 1970338464
4, 0, 2301201253
0, 4, 1973842931
0, 4, 2014452437
0, 4, 2190751703
0, 4, 1694954454
4, 0, 1971915406
0, 4, 2060528023
0, 4, 1563448050
0, 4, 2018011913
0, 4, 1981658974
4, 0, 2218737777
0, 4, 2068890921
4, 0, 2215070867
4, 0, 2180952604
0, 4, 1997659079
4, 0, 2252446670
0, 4, 2002298070
0, 4, 1564089971
4, 0, 2250675995
0, 4, 2058726612
4, 0, 1754696920
4, 0, 1967342030
4, 0, 1978441286
4, 0, 2217030191
0, 4, 1966130988
0, 4, 2017194237
0, 4, 2065625176
0, 4, 2052425245
4, 0, 2054092240
4, 0, 1686920875
4, 0, 1834111498
0, 4, 2044345080
4, 0, 2209590779
0, 4, 2177881704
0, 4, 1555729487
0, 4, 2055509594
4, 0, 2203432054
0, 4, 1693377549
0, 4, 1979879317
4, 0, 2210282712
4, 0, 1932858264
0, 4, 2064711519
0, 4, 2015163696
4, 0, 2262400586
0, 4, 2011312876
0, 4, 1982958391
0, 4, 1556552091
0, 4, 1468323352
0, 4, 1970518051
0, 4, 1982908226
0, 4, 2004201964
0, 4, 2192562001
0, 4, 2002498280
0, 4, 2178011071
0, 4, 2048326477
0, 4, 1833556451
0, 4, 2014693062
0, 4, 2063383383
0, 4, 1880756424
0, 4, 1961832475
0, 4, 2187320020
0, 4, 2177096895
0, 4, 2064495483
0, 4, 2056260561
0, 4, 1962781621
0, 4, 2065315033
0, 4, 2175988300
4, 0, 1754318478
0, 4, 2177164459
4, 0, 1984879707
0, 4, 2052475977
0, 4, 1970221818
0, 4, 1976776633
0, 4, 1970041576
0, 4, 1564121955
0, 4, 2031180864
4, 0, 1557644140
0, 4, 2190784910
0, 4, 1684847233
0, 4, 2045107513
4, 0, 2258584674
0, 4, 1995851607
0, 4, 1468022154
0, 4, 2175300940
0, 4, 1974645728
0, 4, 1968116994
0, 4, 1692258241
4, 0, 1976830613
0, 4, 2069789663
0, 4, 2060924768
0, 4, 1962158314
4, 0, 1881019472
0, 4, 1972294343
0, 4, 1834543876
0, 4, 2189109608
0, 4, 2054561308
0, 4, 1677893444
0, 4, 2049539137
4, 0, 1997261281
0, 4, 1880103290
0, 4, 2001525830
0, 4, 1771004434
0, 4, 2192335886
4, 0, 2198581070
4, 0, 1997009055
0, 4, 1979536499
0, 4, 1964588954
0, 4, 1564733573
4, 0, 2327318381
0, 4, 2009989333
4, 0, 2065040075
0, 4, 1982515350
4, 0, 1687215166
0, 4, 2004305396
4, 0, 2044050625
0, 4, 1982017001
0, 4, 1686183338
0, 4, 2060187656
0, 4, 1833587520
0, 4, 2188820943
0, 4, 2065478647
0, 4, 2185688837
0, 4, 1980616407
0, 4, 1574087957
4, 0, 1981127497
0, 4, 2187730183
4, 0, 1966449859
4, 0, 1753307859
0, 4, 1825200700
4, 0, 2208963498
0, 4, 1573310055
0, 4, 1827657151
0, 4, 1572913626
0, 4, 2052502305
0, 4, 1992892783
0, 4, 1556940346
0, 4, 1981969904
0, 4, 1882561109
0, 4, 1998696896
0, 4, 1880572752
0, 4, 2051944893
4, 0, 2052597930
4, 0, 2191296430
0, 4, 2180929338
4, 0, 1559673443
0, 4, 1973569886
0, 4, 2016399431
0, 4, 1977195632
0, 4, 1982416229
0, 4, 2187839029
0, 4, 1974833372
0, 4, 1880841222
4, 0, 1986897510
0, 4, 1992332372
0, 4, 2015752352
0, 4, 2014703614
0, 4, 1880381221
0, 4, 2012312804
0, 4, 1824621390
0, 4, 1793776408
0, 4, 1982248051
0, 4, 2180749805
4, 0, 2016932251
0, 4, 2067315849
0, 4, 1834307574
4, 0, 2013653469
0, 4, 2003247771
0, 4, 1551242276
0, 4, 1565365365
0, 4, 2054934009
0, 4, 2176361006
0, 4, 1971031747
0, 4, 1993120594
0, 4, 1833647435
0, 4, 2016175265
0, 4, 2003264493
0, 4, 1990524894
0, 4, 1989410643
0, 4, 1978747539
4, 0, 1977727103
0, 4, 1982787500
0, 4, 2015338603
0, 4, 2175923696
0, 4, 2063080732
0, 4, 1973880325
0, 4, 1823818049
0, 4, 1980564628
0, 4, 2002065355
0, 4, 2062063874
0, 4, 1827820002
4, 0, 1880429207
0, 4, 1685538264
0, 4, 1827487171
0, 4, 1970254252
0, 4, 1994699758
4, 0, 2071604502
0, 4, 1975343431
4, 0, 2014218959
0, 4, 1968862893
0, 4, 1556065268
0, 4, 1834885585
0, 4, 2059428675
0, 4, 1984072241
0, 4, 1679350283
0, 4, 1991349719
4, 0, 1960576036
0, 4, 1976091889
0, 4, 1932309787
0, 4, 2187775110
0, 4, 2064742059
0, 4, 2055056901
4, 0, 1983976761
0, 4, 1979481632
0, 4, 2071476597
0, 4, 2191353581
0, 4, 1880633614
0, 4, 1565996758
4, 0, 1965531224
0, 4, 1978997260
4, 0, 2001692811
0, 4, 2169480658
0, 4, 1996972646
0, 4, 2064271818
0, 4, 2188927424
0, 4, 2061966237
0, 4, 1994828373
0, 4, 1970716781
0, 4, 1559356958
0, 4, 2067453180
0, 4, 1990564956
0, 4, 2000304403
0, 4, 1825240263
4, 0, 1963462813
0, 4, 1755059583
0, 4, 2002141589
0, 4, 1754179676
4, 0, 2053969766
4, 0, 1971680639
0, 4, 2071159201
0, 4, 2072514150
0, 4, 2174751742
4, 0, 2045841787
0, 4, 2177561747
0, 4, 1565294837
0, 4, 2178933802
4, 0, 1969494477
4, 0, 1550838931
0, 4, 2048304606
0, 4, 1985366963
0, 4, 1980017547
4, 0, 2322388642
4, 0, 2012820058
0, 4, 1982115285
0, 4, 1680313288
4, 0, 2014175658
0, 4, 1880934027
0, 4, 1751034655
4, 0, 2323712175
0, 4, 2060344038
4, 0, 1559940226
4, 0, 2189583714
4, 0, 2047027958
0, 4, 1825067071
0, 4, 1882319877
0, 4, 1967983859
0, 4, 1983952145
0, 4, 2174822576
0, 4, 2177682346
0, 4, 2069433410
0, 4, 1795959733
0, 4, 1973401861
4, 0, 2053173907
4, 0, 2015588045
4, 0, 1997655687
0, 4, 2039910869
4, 0, 1557328620
0, 4, 2014866449
4, 0, 2297939469
4, 0, 2067795339
0, 4, 1694455040
0, 4, 1999647580
0, 4, 1973365696
4, 0, 2248551834
0, 4, 2014629488
0, 4, 1989933460
4, 0, 1984730378
0, 4, 2064316692
0, 4, 1553462868
4, 0, 1880858882
0, 4, 1771003528
0, 4, 1753310108
0, 4, 2047672703
0, 4, 1752590890
0, 4, 2047792435
4, 0, 2049697065
0, 4, 2017702571
0, 4, 1974660315
0, 4, 1972789851
4, 0, 2204432748
4, 0, 2262872873
0, 4, 1469760459
0, 4, 1467841985
4, 0, 1986920737
0, 4, 1933020610
0, 4, 1834355575
4, 0, 1548853933
0, 4, 1556360851
0, 4, 2055828882
0, 4, 2015799252
0, 4, 2015667870
0, 4, 1993038748
0, 4, 1985507265
0, 4, 1880895639
0, 4, 1995041705
0, 4, 1559161139
0, 4, 1990009406
0, 4, 2064647108
0, 4, 2190832566
0, 4, 1759817127
4, 0, 2234715177
0, 4, 1986571529
0, 4, 1981172548
4, 0, 2224323153
4, 0, 1986044144
0, 4, 1693831043
0, 4, 2015651678
0, 4, 1956658822
0, 4, 2174766697
4, 0, 1963228517
0, 4, 2061848594
0, 4, 1978438587
0, 4, 2032506760
0, 4, 1792073269
0, 4, 1990698900
4, 0, 2072437483
0, 4, 2185379003
4, 0, 2197702001
4, 0, 2259825671
0, 4, 1979561605
0, 4, 2059464634
0, 4, 1832659418
0, 4, 1469367959
0, 4, 1751068708
0, 4, 1564987841
0, 4, 1983710380
0, 4, 1982310761
4, 0, 1752416053
0, 4, 1825414085
0, 4, 2061164776
0, 4, 1881417341
0, 4, 2064168025
0, 4, 2001588719
4, 0, 2323428386
0, 4, 1468938119
0, 4, 2062361546
4, 0, 1982835207
0, 4, 2047049213
0, 4, 2000671213
0, 4, 1971591897
4, 0, 1827587440
0, 4, 2064712152
4, 0, 1678548313
0, 4, 1881041117
0, 4, 2188927461
0, 4, 1972634122
0, 4, 2050361434
0, 4, 2175780490
0, 4, 1825508585
0, 4, 1998433269
0, 4, 1988864101
4, 0, 2210029365
0, 4, 2178740924
0, 4, 2187662584
0, 4, 1989903419
0, 4, 1960762111
0, 4, 1978776042
0, 4, 1993123737
0, 4, 1881502835
0, 4, 2175873308
0, 4, 2057819813
4, 0, 2257715156
4, 0, 1751949655
0, 4, 1694165895
0, 4, 1982856159
0, 4, 2058045970
4, 0, 1966195083
0, 4, 1975040504
4, 0, 2263792095
4, 0, 2018598033
4, 0, 2266221316
0, 4, 1969472555
0, 4, 2193344579
0, 4, 1573579796
0, 4, 1979807235
0, 4, 1686335262
0, 4, 2052924377
4, 0, 2044614329
0, 4, 2067144644
4, 0, 1824280719
0, 4, 1678693599
4, 0, 2185588966
0, 4, 2006617540
0, 4, 2065056242
0, 4, 2051347095
4, 0, 2206744930
0, 4, 1972330308
0, 4, 1976972661
4, 0, 1692095665
0, 4, 1984668456
0, 4, 1967191955
0, 4, 2190835066
4, 0, 2010601007
4, 0, 1469172730
0, 4, 1992708505
0, 4, 1792196219
0, 4, 2184946842
4, 0, 1551298222
4, 0, 1977641795
0, 4, 1989103276
4, 0, 2233044818
4, 0, 2295215446
4, 0, 1990436668
4, 0, 2231221308
0, 4, 1971515559
4, 0, 1985629149
0, 4, 2178369388
0, 4, 2052948988
0, 4, 2190399754
0, 4, 1688043632
0, 4, 1548497412
0, 4, 2191868051
0, 4, 2063050600
0, 4, 1834830511
0, 4, 1468353283
0, 4, 1967945321
0, 4, 1960548327
4, 0, 1980339324
0, 4, 1991456970
0, 4, 2008559961
0, 4, 2189539236
0, 4, 1979615996
0, 4, 2191630764
0, 4, 1563830597
4, 0, 2212930982
0, 4, 1985250994
0, 4, 2186554851
4, 0, 1574106077
4, 0, 2061826540
0, 4, 1677187526
0, 4, 2003710175
0, 4, 2060546487
4, 0, 1995126681
0, 4, 1565330750
4, 0, 2236523671
4, 0, 2062000752
0, 4, 1932461709
0, 4, 1974741993
0, 4, 1985986062
0, 4, 2017643225
0, 4, 2001820779
0, 4, 2048577265
0, 4, 2176265792
0, 4, 2059202007
0, 4, 2189369735
0, 4, 1882797844
0, 4, 1986619770
0, 4, 1881159228
0, 4, 2189110215
4, 0, 2201820383
0, 4, 2049461606
0, 4, 2062399417
0, 4, 1558792776
0, 4, 1826489288
0, 4, 2065074618
0, 4, 1825689609
0, 4, 1836458953
0, 4, 2181003675
0, 4, 2061167562
0, 4, 1676253209
4, 0, 1573685091
0, 4, 2002411368
4, 0, 2204429144
4, 0, 2206087041
0, 4, 1687766121
4, 0, 2323526760
0, 4, 2180304073
0, 4, 2001298009
0, 4, 1880597957
0, 4, 2191030535
0, 4, 2188598328
4, 0, 2043947464
0, 4, 2051339200
4, 0, 1991827117
0, 4, 2053858057
0, 4, 1880598499
0, 4, 1794909438
4, 0, 2185893285
0, 4, 2069175213
0, 4, 2056790509
4, 0, 2187561179
0, 4, 1982449367
0, 4, 2190468469
0, 4, 2071729576
0, 4, 1995043358
0, 4, 2062091357
0, 4, 1827731134
4, 0, 1995997406
0, 4, 2177803159
0, 4, 1833400604
0, 4, 2062448130
4, 0, 2061539967
0, 4, 1824409638
0, 4, 1967115595
0, 4, 1468294189
0, 4, 1563558073
0, 4, 1969964448
0, 4, 2189319949
0, 4, 1977478446
0, 4, 2184277779
0, 4, 2069637857
0, 4, 1548913969
0, 4, 1824898282
0, 4, 2053859329
0, 4, 2002670646
0, 4, 2065820335
4, 0, 2253327785
0, 4, 1995874025
0, 4, 1793505352
4, 0, 2051022295
0, 4, 2192605352
0, 4, 1981564760
0, 4, 2067962862
0, 4, 1685127332
4, 0, 2325554288
0, 4, 2062501982
0, 4, 1963135793
0, 4, 2017106733
4, 0, 2198386336
4, 0, 1834605969
0, 4, 2050320875
0, 4, 1965621204
4, 0, 2263099021
0, 4, 1974445089
0, 4, 1792325654
0, 4, 2071241640
0, 4, 1999100085
0, 4, 2064316089
4, 0, 1966904988
0, 4, 1962678655
0, 4, 1881542792
4, 0, 2203090688
4, 0, 2174757151
4, 0, 1980287632
0, 4, 1984601873
0, 4, 1573874346
0, 4, 1880458216
0, 4, 1961113956
0, 4, 1992356467
0, 4, 2175532048
0, 4, 2071915457
4, 0, 2217362024
0, 4, 1834516261
0, 4, 2070089307
0, 4, 1548728291
0, 4, 2053946844
0, 4, 1973520434
0, 4, 1993245980
0, 4, 2017704222
0, 4, 1825218926
4, 0, 1833818886
4, 0, 2301100349
0, 4, 1694401066
0, 4, 1755061131
0, 4, 1834897699
0, 4, 1996518644
0, 4, 1974851818
0, 4, 1970148751
0, 4, 1967847540
0, 4, 2053370650
0, 4, 1573968692
4, 0, 2189704535
0, 4, 2063873722
0, 4, 1678879503
4, 0, 2056951929
0, 4, 2180573618
0, 4, 1996357152
0, 4, 1963820192
0, 4, 1680849581
0, 4, 1882336878
0, 4, 2192247766
4, 0, 2070377275
0, 4, 1979428033
0, 4, 1827648079
4, 0, 1964159645
0, 4, 1883601071
0, 4, 1962438840
0, 4, 2070428023
0, 4, 1823541633
0, 4, 1833814026
0, 4, 1468869955
4, 0, 1833427018
0, 4, 1770809502
0, 4, 2014917009
0, 4, 1978263890
0, 4, 2175159397
0, 4, 1975425119
0, 4, 2065026873
0, 4, 1968766091
0, 4, 1967775539
4, 0, 2175595552
0, 4, 1694091113
0, 4, 2012032043
0, 4, 2185145207
4, 0, 1792690185
0, 4, 2071795540
0, 4, 1992520476
0, 4, 2053022842
0, 4, 1684762584
4, 0, 2297795163
0, 4, 2012969871
0, 4, 1968678347
0, 4, 2015722464
0, 4, 2187772164
4, 0, 1933168908
0, 4, 2053502340
4, 0, 2224977656
4, 0, 2231412512
4, 0, 2258970366
0, 4, 2052494147
0, 4, 2063279152
0, 4, 2008625149
0, 4, 1992607102
0, 4, 2176159328
4, 0, 2298574717
0, 4, 2000724077
0, 4, 1956110647
0, 4, 1999746989
0, 4, 2014023109
0, 4, 1969386205
4, 0, 1558726445
0, 4, 1833921839
0, 4, 1824582751
0, 4, 2054035205
0, 4, 1980310380
0, 4, 1559068472
4, 0, 1548775825
0, 4, 1960296107
4, 0, 2232235976
0, 4, 1557616264
0, 4, 1834020956
0, 4, 1548318089
4, 0, 2206036164
0, 4, 1678069744
4, 0, 2191481232
0, 4, 2190256756
0, 4, 1827979868
0, 4, 1985557373
0, 4, 1984566029
0, 4, 1834184580
0, 4, 1695620876
0, 4, 1975849245
4, 0, 1956733979
0, 4, 2186835783
0, 4, 1753631640
0, 4, 2008446091
4, 0, 2050682617
4, 0, 1833888453
0, 4, 2052700840
0, 4, 2178839426
0, 4, 1883077161
4, 0, 2054742785
0, 4, 1974101945
0, 4, 2069027123
4, 0, 2327662497
0, 4, 2064127803
0, 4, 1992230245
0, 4, 1558192189
0, 4, 2008810699
0, 4, 2068416130
0, 4, 1983326993
4, 0, 1564235860
0, 4, 1677536277
0, 4, 2174922351
0, 4, 2183548578
4, 0, 1960864881
0, 4, 1824637284
0, 4, 2188228092
0, 4, 1969199695
0, 4, 1971018048
0, 4, 1835888198
4, 0, 1985132677
0, 4, 2182682398
0, 4, 2174661601
0, 4, 2050152197
4, 0, 2203840337
0, 4, 1834897181
0, 4, 2069604944
0, 4, 2002418805
4, 0, 1791922600
0, 4, 1974776762
0, 4, 2176727195
4, 0, 2231822283
0, 4, 2050041247
4, 0, 1982360586
4, 0, 2003229650
0, 4, 1692176471
4, 0, 2204637855
0, 4, 2058181085
0, 4, 2060527446
0, 4, 2191483237
4, 0, 2300539637
0, 4, 2192536354
4, 0, 2288288873
0, 4, 1977307638
0, 4, 1573511997
0, 4, 1969212179
4, 0, 2051149296
0, 4, 2016642645
0, 4, 2013179966
0, 4, 1995191483
4, 0, 2069520832
0, 4, 1980311345
0, 4, 1973021025
4, 0, 1966981206
0, 4, 1974381482
4, 0, 2057402708
0, 4, 2053489850
0, 4, 2069362236
0, 4, 1551745647
4, 0, 1792420652
4, 0, 1979910058
4, 0, 2260579525
4, 0, 2052943787
0, 4, 2016440232
0, 4, 2186105344
0, 4, 1975439293
0, 4, 1824637314
0, 4, 1693322917
0, 4, 1676253081
0, 4, 2046868012
0, 4, 1835974474
0, 4, 2193304384
0, 4, 1957542093
0, 4, 1751953066
0, 4, 2047790779
0, 4, 1557615386
0, 4, 1835425436
0, 4, 1972177813
0, 4, 1558707117
0, 4, 2048223166
0, 4, 2049305380
0, 4, 2062338177
0, 4, 2187969214
0, 4, 1692372566
0, 4, 1760179839
4, 0, 1794772516
4, 0, 2229429439
4, 0, 2063984098
4, 0, 1825339978
0, 4, 2060330217
0, 4, 1694727520
0, 4, 2185283332
4, 0, 2232935339
0, 4, 2053464168
0, 4, 2064037203
4, 0, 1557915414
4, 0, 2326206444
0, 4, 2187837589
0, 4, 2179377796
0, 4, 1964918648
4, 0, 1974682319
0, 4, 1677115485
0, 4, 1880937071
0, 4, 1562361914
0, 4, 2178934131
0, 4, 1994724802
0, 4, 2004190742
0, 4, 1694552445
0, 4, 2014310371
4, 0, 2048679195
0, 4, 1966523824
4, 0, 1982989985
0, 4, 2055619526
0, 4, 2048902399
0, 4, 2059881665
0, 4, 2189959885
0, 4, 1932396808
0, 4, 1694835175
0, 4, 1982364930
0, 4, 2052989244
4, 0, 1990436133
0, 4, 2191147690
4, 0, 1880782217
0, 4, 2066156041
4, 0, 2212860208
0, 4, 1970784918
0, 4, 1968680829
0, 4, 2003079325
0, 4, 1834315632
4, 0, 1556595537
0, 4, 2016123301
4, 0, 1685870875
4, 0, 2262764068
0, 4, 1989238668
0, 4, 2013720300
4, 0, 2059530050
0, 4, 2052260030
0, 4, 2044814850
0, 4, 1832769582
0, 4, 1982166633
0, 4, 2046661960
0, 4, 1970943057
0, 4, 2056042096
0, 4, 1684875501
0, 4, 1966113423
0, 4, 1834516908
0, 4, 1880904154
4, 0, 2266998369
0, 4, 2001821426
0, 4, 1999708883
0, 4, 2191035313
4, 0, 2328320006
0, 4, 2002232147
0, 4, 1685608923
0, 4, 1680884655
0, 4, 2015127795
4, 0, 2000499065
4, 0, 1966228071
0, 4, 2176603163
0, 4, 1989444879
0, 4, 2185733209
0, 4, 1824430332
0, 4, 2188341779
0, 4, 1792117812
4, 0, 2203253480
0, 4, 1680742192
4, 0, 2014987658
4, 0, 2259537901
0, 4, 1998917266
0, 4, 2011037714
0, 4, 2068891433
0, 4, 2063487927
0, 4, 2001947271
0, 4, 2071887705
0, 4, 1751324739
0, 4, 2063667750
0, 4, 2188246288
0, 4, 1995403087
0, 4, 1991478224
0, 4, 2058929292
4, 0, 1826057919
0, 4, 2064056843
4, 0, 2070387156
0, 4, 1972329512
0, 4, 1759653173
4, 0, 2013822569
0, 4, 1833224405
0, 4, 2189899888
0, 4, 2000222270
4, 0, 2306279843
0, 4, 2007642150
0, 4, 1676641040
0, 4, 1684819899
0, 4, 1990213029
0, 4, 1882230451
0, 4, 1989482645
4, 0, 1823814469
4, 0, 2248657929
0, 4, 1551270892
4, 0, 1468293310
0, 4, 1994631126
4, 0, 2190641532
0, 4, 2002711429
0, 4, 1564855353
0, 4, 2015436008
0, 4, 2013900996
0, 4, 1997048398
0, 4, 2049838400
4, 0, 1555931000
4, 0, 2244975634
0, 4, 1753272729
0, 4, 2001751668
0, 4, 2039753658
0, 4, 1686801295
0, 4, 2177406136
0, 4, 1754599331
0, 4, 1999390533
4, 0, 1991189594
0, 4, 2060137856
4, 0, 2242703083
0, 4, 1978816189
0, 4, 2065057641
0, 4, 2191235729
0, 4, 2003317043
0, 4, 2191179195
4, 0, 2175847582
4, 0, 1996174614
0, 4, 2002871716
0, 4, 2017104199
0, 4, 1995958251
4, 0, 2260944348
0, 4, 1976912718
0, 4, 2054022677
0, 4, 2000412321
0, 4, 2056095063
0, 4, 1997890629
4, 0, 2016608836
0, 4, 1834661351
0, 4, 1970044676
0, 4, 1979157950
0, 4, 2001404025
0, 4, 2050657297
0, 4, 1988977689
4, 0, 2230163102
4, 0, 2068628581
0, 4, 1794783941
0, 4, 1693934208
0, 4, 1979632145
0, 4, 1932858806
0, 4, 1751431183
0, 4, 2047581389
0, 4, 1694367237
4, 0, 1992351987
0, 4, 2013084011
0, 4, 1752895729
0, 4, 1972212044
0, 4, 2186315852
0, 4, 1833735491
0, 4, 2039779782
0, 4, 2047902007
0, 4, 1684981732
0, 4, 2180849131
0, 4, 1962045507
0, 4, 1557092896
0, 4, 1989832348
0, 4, 2013495503
0, 4, 1824246100
0, 4, 2175134218
0, 4, 1980398792
0, 4, 1956327294
4, 0, 2053918152
0, 4, 1967287316
0, 4, 1831297275
0, 4, 1975186670
0, 4, 1695163882
0, 4, 1827812330
4, 0, 2247552784
4, 0, 1564539484
0, 4, 1971986939
4, 0, 2220843642
0, 4, 2190656080
0, 4, 2050640153
0, 4, 1966338217
4, 0, 2224975367
4, 0, 1997260503
0, 4, 2060508687
0, 4, 1967077689
4, 0, 1957301684
0, 4, 2053065327
0, 4, 1557556783
0, 4, 2065609481
0, 4, 1969767851
0, 4, 2002914471
0, 4, 2000632044
0, 4, 1990051361
0, 4, 1880039125
4, 0, 2230821649
0, 4, 2048138657
0, 4, 1833802829
0, 4, 2066046726
0, 4, 1975628152
4, 0, 2012261849
0, 4, 1687042965
4, 0, 2218290302
0, 4, 2003312248
0, 4, 1677133500
0, 4, 1970674292
4, 0, 1759728849
0, 4, 1976109543
0, 4, 2001404553
4, 0, 2254953308
0, 4, 1960820458
0, 4, 1825438104
4, 0, 1974138257
0, 4, 1992355114
0, 4, 2053816641
0, 4, 1826525549
4, 0, 2060305622
0, 4, 1996787711
4, 0, 2229679096
0, 4, 1984815393
0, 4, 2013164060
0, 4, 1956421114
0, 4, 2181004906
4, 0, 1981443860
4, 0, 1968933919
0, 4, 1980034897
0, 4, 1970521949
0, 4, 1678239995
0, 4, 2191147936
4, 0, 1684969857
0, 4, 1558765395
0, 4, 2180929918
0, 4, 1834340083
